0	2	1.39	0.26055	0.13195	0.8	0.01124	0.40	0.23	0.04	0.10556	0.00018	7.00
2	5	1.39	0.26055	0.13195	0.2	0.04494	0.40	0.23	0.04	0.07917	0.00018	7.00
5	10	1.39	0.26055	0.13195	0.0	0.28090	0.40	0.23	0.04	0.05278	0.00018	7.00
10	20	1.39	0.26055	0.13195	0.0	0.33708	0.40	0.23	0.04	0.013195	0.00018	7.00
20	30	1.36	0.27353	0.14422	0.0	0.11236	0.38	0.26	0.02	0.000000	0.00014	7.00
30	45	1.36	0.27353	0.14422	0.0	0.05618	0.38	0.26	0.02	0.000000	0.00014	7.00
45	60	1.36	0.26783	0.14121	0.0	0.04494	0.38	0.26	0.02	0.000000	0.00014	7.90
60	75	1.36	0.26783	0.14121	0.0	0.03371	0.38	0.26	0.02	0.000000	0.00014	7.90
75	90	1.36	0.26783	0.14121	0.0	0.02247	0.38	0.26	0.02	0.000000	0.00014	7.90
90	105	1.36	0.26783	0.14121	0.0	0.01124	0.38	0.26	0.00	0.000000	0.00014	7.90
105	120	1.36	0.26783	0.14121	0.0	0.01124	0.38	0.26	0.00	0.000000	0.00014	7.90
120	150	1.36	0.26783	0.14121	0.0	0.01124	0.38	0.26	0.00	0.000000	0.00014	7.90
150	180	1.36	0.26783	0.14121	0.0	0.01124	0.38	0.26	0.00	0.000000	0.00014	7.90
180	210	1.36	0.26783	0.14121	0.0	0.01124	0.38	0.26	0.00	0.000000	0.00014	7.90
