0	2	1.60	0.16428	0.08135	0.8	0.01124	0.82	0.09	0.02	0.06508	0.00096	7.90
2	5	1.60	0.16428	0.08135	0.2	0.04494	0.82	0.09	0.02	0.04881	0.00096	7.90
5	10	1.60	0.16428	0.08135	0.0	0.28090	0.82	0.09	0.02	0.03254	0.00096	7.90
10	20	1.60	0.16428	0.08135	0.0	0.33708	0.82	0.09	0.02	0.008135	0.00096	7.90
20	30	1.60	0.16428	0.08135	0.0	0.11236	0.82	0.09	0.01	0.000000	0.00096	7.90
30	45	1.60	0.16428	0.08135	0.0	0.05618	0.82	0.09	0.00	0.000000	0.00096	8.20
45	60	1.60	0.16428	0.08135	0.0	0.04494	0.82	0.09	0.00	0.000000	0.00096	8.20
60	75	1.60	0.16428	0.08135	0.0	0.03371	0.82	0.09	0.00	0.000000	0.00096	8.20
75	90	1.60	0.16428	0.08135	0.0	0.02247	0.82	0.09	0.00	0.000000	0.00096	8.20
90	105	1.60	0.16428	0.08135	0.0	0.01124	0.82	0.09	0.00	0.000000	0.00096	8.20
105	120	1.75	0.11706	0.04934	0.0	0.01124	0.94	0.04	0.00	0.000000	0.00293	7.90
120	150	1.75	0.11706	0.04934	0.0	0.01124	0.94	0.04	0.00	0.000000	0.00293	7.90
150	180	1.75	0.11706	0.04934	0.0	0.01124	0.94	0.04	0.00	0.000000	0.00293	7.90
180	210	1.75	0.11706	0.04934	0.0	0.01124	0.94	0.04	0.00	0.000000	0.00293	7.90
