0	2	1.40	0.26113	0.13083	0.8	0.01136	0.41	0.22	0.05	0.104664	0.00019	6.50
2	5	1.40	0.26113	0.13083	0.2	0.04545	0.41	0.22	0.05	0.078498	0.00019	6.50
5	10	1.40	0.26113	0.13083	0.0	0.28409	0.41	0.22	0.05	0.052332	0.00019	6.50
10	20	1.40	0.26113	0.13083	0.0	0.34091	0.41	0.22	0.05	0.013083	0.00019	6.50
20	30	1.40	0.26113	0.13083	0.0	0.11364	0.41	0.22	0.05	0.000000	0.00019	6.50
30	45	1.40	0.26113	0.13083	0.0	0.05682	0.41	0.22	0.05	0.000000	0.00019	6.50
45	60	1.40	0.26113	0.13083	0.0	0.04545	0.41	0.22	0.05	0.000000	0.00019	6.50
60	75	1.40	0.26113	0.13083	0.0	0.03409	0.41	0.22	0.05	0.000000	0.00019	6.50
75	90	1.40	0.26113	0.13083	0.0	0.02273	0.41	0.22	0.05	0.000000	0.00019	6.50
90	105	1.42	0.25020	0.11942	0.0	0.01136	0.43	0.19	0.02	0.000000	0.00026	6.50
105	120	1.42	0.25020	0.11942	0.0	0.01136	0.43	0.19	0.02	0.000000	0.00026	6.50
120	150	1.42	0.25020	0.11942	0.0	0.01136	0.43	0.19	0.02	0.000000	0.00026	6.50
150	180	1.42	0.25020	0.11942	0.0	0.01136	0.43	0.19	0.02	0.000000	0.00026	6.50
